dz_ns setup_ns dff_ns |  16MHz  20MHz  24MHz
   21     0    12 |   0.00   0.00   0.00
   21    21    12 |   0.00   0.00   0.00
   21    38    12 |   0.00   0.00   0.00
   21    58    12 |   0.00   0.00   0.00
   21    71    12 |   0.00   0.00   0.00
   33     0    12 |   0.00   0.00   0.00
   33    21    12 |   0.00   0.00   0.00
   33    38    12 |   0.00   0.00   1.00
   33    58    12 |   0.00   0.00   1.00
   33    71    12 |   0.00   0.00   1.00
   46     0    12 |   0.00   0.00   0.00
   46    21    12 |   0.00   0.00   0.00
   46    38    12 |   0.00   0.00   1.00
   46    58    12 |   0.00   1.00   1.00
   46    71    12 |   0.00   1.00   1.00
   58     0    12 |   0.00   0.00   0.00
   58    21    12 |   0.00   0.00   0.00
   58    38    12 |   0.00   0.00   1.00
   58    58    12 |   1.00   1.00   1.00
   58    71    12 |   1.00   1.00   1.00
   71     0    12 |   0.00   0.00   1.00
   71    21    12 |   0.00   0.00   1.00
   71    38    12 |   0.00   0.00   1.00
   71    58    12 |   1.00   1.00   1.00
   71    71    12 |   1.00   1.00   1.00
   83     0    12 |   0.00   0.00   1.00
   83    21    12 |   0.00   0.00   1.00
   83    38    12 |   0.00   0.00   1.00
   83    58    12 |   1.00   1.00   1.00
   83    71    12 |   1.00   1.00   1.00
   21     0    17 |   0.00   0.00   0.00
   21    21    17 |   0.00   0.00   0.00
   21    38    17 |   0.00   0.00   0.00
   21    58    17 |   0.00   0.00   0.00
   21    71    17 |   0.00   0.00   1.00
   33     0    17 |   0.00   0.00   0.00
   33    21    17 |   0.00   0.00   0.00
   33    38    17 |   0.00   1.00   1.00
   33    58    17 |   0.00   1.00   1.00
   33    71    17 |   0.00   1.00   1.00
   46     0    17 |   0.00   0.00   0.00
   46    21    17 |   0.00   0.00   0.00
   46    38    17 |   0.00   1.00   1.00
   46    58    17 |   1.00   1.00   1.00
   46    71    17 |   1.00   1.00   1.00
   58     0    17 |   0.00   0.00   0.00
   58    21    17 |   0.00   0.00   0.00
   58    38    17 |   0.00   1.00   1.00
   58    58    17 |   1.00   1.00   1.00
   58    71    17 |   1.00   1.00   1.00
   71     0    17 |   0.00   0.00   1.00
   71    21    17 |   0.00   0.00   1.00
   71    38    17 |   0.00   1.00   1.00
   71    58    17 |   1.00   1.00   1.00
   71    71    17 |   1.00   1.00   1.00
   83     0    17 |   0.00   1.00   1.00
   83    21    17 |   0.00   1.00   1.00
   83    38    17 |   0.00   1.00   1.00
   83    58    17 |   1.00   1.00   1.00
   83    71    17 |   1.00   1.00   1.00
   21     0    21 |   0.00   0.00   0.00
   21    21    21 |   0.00   0.00   0.00
   21    38    21 |   0.00   0.00   1.00
   21    58    21 |   0.00   0.00   1.00
   21    71    21 |   0.00   0.00   1.00
   33     0    21 |   0.00   0.00   0.00
   33    21    21 |   0.00   0.00   0.00
   33    38    21 |   0.00   1.00   1.00
   33    58    21 |   0.00   1.00   1.00
   33    71    21 |   0.00   1.00   1.00
   46     0    21 |   0.00   0.00   0.00
   46    21    21 |   0.00   0.00   0.00
   46    38    21 |   0.00   1.00   1.00
   46    58    21 |   1.00   1.00   1.00
   46    71    21 |   1.00   1.00   1.00
   58     0    21 |   0.00   0.00   0.00
   58    21    21 |   0.00   0.00   0.00
   58    38    21 |   0.00   1.00   1.00
   58    58    21 |   1.00   1.00   1.00
   58    71    21 |   1.00   1.00   1.00
   71     0    21 |   0.00   0.00   1.00
   71    21    21 |   0.00   0.00   1.00
   71    38    21 |   0.00   1.00   1.00
   71    58    21 |   1.00   1.00   1.00
   71    71    21 |   1.00   1.00   1.00
   83     0    21 |   0.00   1.00   1.00
   83    21    21 |   0.00   1.00   1.00
   83    38    21 |   0.00   1.00   1.00
   83    58    21 |   1.00   1.00   1.00
   83    71    21 |   1.00   1.00   1.00
