instruction (T)             | paper r=0,1,2,3 | border r=0..3
NOP (4)                   4 |  5.00  4.00  4.00  4.00 |  4.00  4.00  4.00  4.00
LD A,(HL) (7)             7 |  9.00  8.00  8.00  8.00 |  7.00  7.00  7.00  7.00
LD (HL),A (7)             7 |  9.00  8.00  8.00  8.00 |  7.00  7.00  7.00  7.00
INC (HL) (11)            11 | 14.00 12.00 12.00 12.00 | 11.00 11.00 11.00 11.00
PUSH BC (11)             11 | 14.00 14.00 14.00 14.00 | 11.00 11.00 11.00 11.00
LD A,(nn) (13)           13 | 17.00 16.00 16.00 16.00 | 13.00 13.00 13.00 13.00
LDIR repeat (21)         21 | 25.00 22.00 22.00 22.00 | 21.00 21.00 21.00 21.00
OUT (n),A (11)           11 | 13.00 12.00 12.00 12.00 | 11.00 11.00 11.00 11.00
ROM: LD A,(HL) (7)        7 |  8.00  8.00  8.00  8.00 |  7.00  7.00  7.00  7.00
ROM: NOP (4)              4 |  4.00  4.00  4.00  4.00 |  4.00  4.00  4.00  4.00
